24064
34307
37383
28681
8714
37386
16395
47627
9741
60430
209421
61968
51225
4635
7707
19996
12833
137251
327719
62499
7717
6695
33320
32299
59947
4652
59954
24115
44596
263229
63034
56890
58941
58942
131644
58943
36932
17482
137295
63055
2128
61522
36946
61524
61526
53339
17499
18013
40542
47200
14432
1121
41059
56931
327788
42604
57463
6777
137851
47228
23676
23169
24193
50817
200334
43154
48793
30365
41120
24224
135843
201376
394914
24745
202409
24748
41138
60082
56507
58560
39107
202944
39626
137933
43729
57555
396501
39126
33495
64216
64219
64220
25309
41693
64222
18655
49378
48355
209643
41194
64234
20715
63212
20717
52462
43760
43252
39160
23815
50952
138507
61195
31500
30480
54033
37651
51988
30997
26389
205082
58137
138009
27420
19228
5406
58146
52005
13094
8486
30511
15669
46389
48443
57151
35647
37695
59200
35136
37698
37699
37700
24388
37701
9033
37195
202056
43339
37707
395081
33108
206165
63830
37718
63832
132953
23899
196959
56156
63839
44896
8545
8550
37224
43369
13681
15739
8579
23942
55176
24457
265101
37769
37774
37775
49553
37777
396180
37778
37779
37781
11670
24470
41882
23962
37786
200608
197032
7597
53679
29616
33713
24508
7613
61374
47553
44488
31177
13770
61399
49624
139226
41441
42476
16374
44025
51706
59899
25083
62972
31230
33791
